1.796469092369079590e-02
-3.285056352615356445e-02
3.281029313802719116e-02
5.728597752749919891e-03
4.616865888237953186e-02
4.794287960976362228e-03
-1.455622352659702301e-02
-5.053953081369400024e-02
-9.032644331455230713e-02
-4.027162119746208191e-02
3.880479931831359863e-02
-2.973954193294048309e-02
-6.854067742824554443e-02
-1.775318384170532227e-01
-1.358279678970575333e-02
-3.866596892476081848e-02
1.501076738350093365e-03
-1.012899130582809448e-01
6.348878145217895508e-02
7.285969331860542297e-03
4.245884716510772705e-02
-7.800072431564331055e-03
7.582227140665054321e-02
-2.625783905386924744e-03
7.579710334539413452e-03
-4.598312824964523315e-02
2.181693352758884430e-02
-7.020866125822067261e-02
-3.153049945831298828e-02
-2.214638590812683105e-01
-2.623412990942597389e-03
-1.094809994101524353e-01
2.161283977329730988e-02
-7.434209436178207397e-02
2.585095539689064026e-02
-4.449743404984474182e-02
-2.088311687111854553e-02
-5.788866057991981506e-02
-1.932613924145698547e-02
-4.548310767859220505e-03
-7.351352274417877197e-02
-1.107463389635086060e-01
-4.286290332674980164e-02
-5.644899234175682068e-02
-4.542171582579612732e-02
-9.327783435583114624e-02
-5.332226306200027466e-02
-8.404186367988586426e-02
-1.235409919172525406e-02
-8.660361170768737793e-03
-2.675119042396545410e-02
-5.312135070562362671e-02
-9.594589471817016602e-02
-1.380053758621215820e-01
-4.163099080324172974e-02
-3.848756104707717896e-02
-7.134056836366653442e-02
4.189161956310272217e-02
-7.017785310745239258e-02
-5.028793960809707642e-02
-7.563705742359161377e-02
-7.694736588746309280e-03
-9.440974891185760498e-02
-1.421203017234802246e-01
-1.654040664434432983e-01
-1.106850132346153259e-01
-1.123875454068183899e-01
-9.593556076288223267e-02
-5.303183104842901230e-03
-3.633715584874153137e-02
-1.196862608194351196e-01
-6.380688399076461792e-02
-5.353720858693122864e-02
-2.626395784318447113e-02
-1.190855652093887329e-01
-1.600093990564346313e-01
-2.770176157355308533e-02
-8.268150687217712402e-02
-7.403355836868286133e-02
-1.436507999897003174e-01
7.104578614234924316e-02
3.223213553428649902e-02
2.261530607938766479e-02
8.825120516121387482e-03
-1.411853879690170288e-01
-1.596952825784683228e-01
3.858358832076191902e-03
-1.473753005266189575e-01
-1.069742720574140549e-02
-2.011128328740596771e-02
-5.891485139727592468e-02
-1.279854625463485718e-01
-1.323461066931486130e-02
-2.100213663652539253e-03
6.539134681224822998e-02
1.211038511246442795e-02
-1.464300006628036499e-01
-7.455815374851226807e-02
7.276747375726699829e-02
-1.786290481686592102e-02
3.246526420116424561e-02
-1.413077581673860550e-02
-1.162337046116590500e-02
-1.003154087811708450e-02
-1.597300730645656586e-02
3.442816203460097313e-03
-9.012632817029953003e-02
-1.061434969305992126e-01
8.640639483928680420e-03
2.835260529536753893e-04
-1.730858907103538513e-02
-9.912371169775724411e-04
-7.144007366150617599e-03
-1.466269604861736298e-02
1.825746335089206696e-02
-1.891196146607398987e-02
-2.377461874857544899e-03
-1.001901738345623016e-02
3.196104988455772400e-02
3.091712947934865952e-03
-9.960769861936569214e-02
-2.194378823041915894e-01
-1.651667058467864990e-01
-1.693593710660934448e-01
-1.689218729734420776e-01
-1.310577690601348877e-01
-1.308512240648269653e-01
-2.317848354578018188e-01
-9.031590074300765991e-02
2.287818491458892822e-02
-9.853861480951309204e-02
-3.337199985980987549e-02
-2.008932381868362427e-01
-1.760900467634201050e-01
3.461238462477922440e-03
-4.788233339786529541e-02
1.982215046882629395e-02
-7.499158382415771484e-03
-3.333726152777671814e-02
-4.330086708068847656e-02
7.348815351724624634e-02
-4.199506342411041260e-02
1.206641271710395813e-01
-1.639772951602935791e-02
-6.920347362756729126e-02
-3.476555272936820984e-02
-1.168522015213966370e-01
-2.088560461997985840e-01
-1.446897834539413452e-01
-1.391151100397109985e-01
-6.154631078243255615e-02
-7.543468475341796875e-02
-6.573471426963806152e-02
-9.202401340007781982e-02
-1.572827994823455811e-01
-2.528560161590576172e-02
-5.821250751614570618e-02
-5.520567297935485840e-02
-2.633110247552394867e-02
7.958507537841796875e-02
-1.255489587783813477e-01
-6.524852663278579712e-02
-3.887526690959930420e-02
-3.374556079506874084e-03
-6.893484294414520264e-02
-7.703016698360443115e-02
-3.696012869477272034e-02
-3.306975215673446655e-02
-3.196750953793525696e-02
-4.434576258063316345e-02
-3.994826599955558777e-02
-3.071416914463043213e-02
-8.857968263328075409e-03
-2.085262909531593323e-02
-3.357900306582450867e-02
-5.495319142937660217e-02
-8.571108430624008179e-02
-3.909349068999290466e-02
-5.266625061631202698e-02
-1.122782379388809204e-01
6.611765176057815552e-02
-1.260147150605916977e-02
-9.368926286697387695e-02
-1.045392453670501709e-01
-9.408544749021530151e-02
-9.993121773004531860e-02
-4.457146674394607544e-02
-5.820649117231369019e-02
-6.570059806108474731e-02
-1.103460416197776794e-01
1.187047641724348068e-02
-4.062319174408912659e-02
-1.280383020639419556e-01
-1.268939077854156494e-01
4.771035909652709961e-02
-1.253986358642578125e-02
5.609842389822006226e-02
-9.616221301257610321e-03
4.414987564086914062e-02
-5.976906791329383850e-02
-2.838951535522937775e-02
-8.894502371549606323e-02
-1.878957450389862061e-01
-7.669807225465774536e-02
-5.394430831074714661e-02
-1.075227409601211548e-01
7.524851709604263306e-02
-4.779381304979324341e-02
-1.103561520576477051e-01
-1.300593018531799316e-01
-4.003146290779113770e-02
-5.971327796578407288e-02
-3.666966035962104797e-02
-4.316715523600578308e-02
-1.450817659497261047e-02
-4.354068636894226074e-02
-8.313840255141258240e-03
-1.907869242131710052e-02
-3.035405278205871582e-02
-5.716047808527946472e-02
-3.480456024408340454e-02
-3.662389144301414490e-02
-4.740383848547935486e-02
-5.404514446854591370e-02
-5.575755983591079712e-02
-6.882127374410629272e-02
3.207410685718059540e-03
-1.962393335998058319e-02
-4.287540912628173828e-02
-4.824143648147583008e-02
-1.406828407198190689e-02
-4.353266954421997070e-02
-1.251145917922258377e-02
-2.489014342427253723e-02
-1.306312810629606247e-02
-1.976864296011626720e-04
-2.150563290342688560e-03
-2.638353407382965088e-02
-6.565433461219072342e-03
-4.235056415200233459e-02
-1.729578711092472076e-02
-3.528960049152374268e-02
-1.847727037966251373e-02
-6.338030099868774414e-02
-2.373558841645717621e-02
-2.497691102325916290e-02
