1.933896541595458984e-02
-3.618562221527099609e-02
2.757993340492248535e-02
6.381266564130783081e-02
-1.331373676657676697e-02
-1.634423970244824886e-04
-5.244361236691474915e-02
-8.372481912374496460e-02
1.045484188944101334e-02
-5.068692192435264587e-02
5.211541056632995605e-02
2.497361227869987488e-02
-7.836729288101196289e-02
-3.085457906126976013e-02
-2.940613310784101486e-03
3.715697675943374634e-02
6.997676193714141846e-02
8.125947415828704834e-02
3.147995099425315857e-02
-1.424698531627655029e-02
4.630937054753303528e-02
1.893849112093448639e-02
5.846065655350685120e-02
1.110222116112709045e-01
2.407448552548885345e-02
5.357747152447700500e-02
1.513611897826194763e-02
7.945826649665832520e-02
4.515064507722854614e-02
4.511783644556999207e-02
4.101805388927459717e-02
3.137715905904769897e-02
8.319940418004989624e-02
6.217043101787567139e-02
1.218300610780715942e-01
4.573646932840347290e-02
4.790420352946966887e-04
-5.108903627842664719e-03
9.668601676821708679e-03
3.176793083548545837e-02
-4.164446890354156494e-02
-1.275745034217834473e-01
-4.931948333978652954e-02
6.579489260911941528e-02
-3.502932935953140259e-02
-2.092823199927806854e-02
-3.375957161188125610e-02
-2.865123003721237183e-02
-5.175700411200523376e-02
-5.667017772793769836e-02
1.703815162181854248e-02
6.344678997993469238e-02
5.030786618590354919e-02
2.951178932562470436e-03
-2.638780744746327400e-03
-5.919291451573371887e-02
2.829055115580558777e-02
2.211124263703823090e-02
-2.940175682306289673e-02
-7.660304754972457886e-02
-5.012973211705684662e-03
-1.720582507550716400e-02
4.151543974876403809e-02
-7.348774001002311707e-03
-3.848402062430977821e-03
2.029837295413017273e-02
-1.549543440341949463e-02
-5.948540195822715759e-02
-2.777839638292789459e-02
-1.792882755398750305e-02
-2.403797954320907593e-02
3.852153569459915161e-02
-4.462534934282302856e-02
3.308888291940093040e-03
-7.390237879008054733e-03
6.499594449996948242e-02
-3.930753841996192932e-02
-5.031442642211914062e-02
-2.040150575339794159e-02
4.446392506361007690e-02
1.427479460835456848e-02
6.816618889570236206e-02
-6.440966855734586716e-03
3.292330773547291756e-03
-1.000722646713256836e-01
-7.802651822566986084e-02
-1.408901996910572052e-02
3.248746320605278015e-02
-1.212066784501075745e-02
-2.993013709783554077e-02
-3.218314424157142639e-02
-7.395283132791519165e-02
1.532358233816921711e-03
8.679857477545738220e-03
1.661968044936656952e-02
3.361174836754798889e-02
-3.968511149287223816e-02
-8.343347162008285522e-02
3.264215588569641113e-02
1.739491708576679230e-02
1.153150759637355804e-02
-3.815349936485290527e-02
1.705829286947846413e-03
7.734856568276882172e-03
-2.207646518945693970e-02
-2.825573645532131195e-02
-3.379744663834571838e-02
-3.248776122927665710e-02
1.020445115864276886e-02
-2.625650493428111076e-03
-3.994986414909362793e-02
-9.211106225848197937e-03
8.377117104828357697e-03
6.755785644054412842e-02
4.471506923437118530e-03
7.085693068802356720e-03
4.174602683633565903e-03
8.484927006065845490e-03
5.265091359615325928e-02
8.776476234197616577e-02
-1.261732634156942368e-02
7.877755910158157349e-02
-5.149198696017265320e-02
7.253869622945785522e-02
-7.791145890951156616e-02
-1.205081939697265625e-01
-2.085100673139095306e-02
-2.175791263580322266e-01
1.703152246773242950e-02
-3.195915371179580688e-02
-9.937674738466739655e-03
3.987423144280910492e-03
-7.970470190048217773e-02
-9.444102644920349121e-02
6.851992011070251465e-02
9.087129496037960052e-03
1.160562261939048767e-01
1.620857417583465576e-01
5.483866110444068909e-02
-3.066819906234741211e-02
2.077708393335342407e-01
7.102951407432556152e-02
7.895319163799285889e-02
1.209020689129829407e-01
-1.565865986049175262e-02
-7.164519745856523514e-03
-1.349130645394325256e-02
-3.496577218174934387e-02
-6.615997850894927979e-02
-7.359929382801055908e-02
-8.711104281246662140e-03
4.108305275440216064e-02
2.838571742177009583e-02
1.322259195148944855e-02
6.163442507386207581e-02
6.178931146860122681e-02
-1.947616413235664368e-02
-4.052703734487295151e-03
5.421868991106748581e-03
2.146706543862819672e-02
5.279406160116195679e-02
1.065198704600334167e-02
1.108510605990886688e-02
-7.989903911948204041e-03
1.599456369876861572e-02
-3.111026436090469360e-02
2.587756514549255371e-02
6.102262064814567566e-02
2.592271938920021057e-02
-3.571204096078872681e-02
-2.635814249515533447e-02
-3.784606233239173889e-02
-1.333145657554268837e-03
-2.006859146058559418e-02
-2.231177495559677482e-04
4.673242568969726562e-02
1.900891587138175964e-02
-1.699437946081161499e-02
-4.280445352196693420e-02
-9.660739451646804810e-02
-2.699757553637027740e-02
-2.940532751381397247e-02
-5.647594481706619263e-02
-5.263838917016983032e-02
-1.141423452645540237e-02
-3.440798819065093994e-02
-4.979072883725166321e-02
-1.371508650481700897e-02
-4.686745256185531616e-02
-1.806270331144332886e-01
1.672904342412948608e-01
1.797678768634796143e-01
1.534841209650039673e-02
1.132911220192909241e-01
6.866524368524551392e-02
8.704356104135513306e-02
3.227498754858970642e-02
1.166460365056991577e-01
-1.227925531566143036e-02
-3.342673298902809620e-04
-4.348156973719596863e-02
-1.892062649130821228e-02
-6.260531395673751831e-02
-1.561154574155807495e-01
-1.368949562311172485e-01
-6.726162880659103394e-02
1.094670593738555908e-02
-4.982204362750053406e-02
5.351211130619049072e-02
-3.155586495995521545e-02
-4.387864097952842712e-02
-6.619468796998262405e-03
-1.610677875578403473e-02
-2.311477437615394592e-03
-2.977614291012287140e-03
-2.366623841226100922e-02
2.655608812347054482e-03
4.424038808792829514e-03
-3.514075279235839844e-02
-5.150238797068595886e-02
3.740907413884997368e-03
6.719467230141162872e-03
-3.998449817299842834e-02
-6.799422949552536011e-02
5.929911043494939804e-03
5.095291882753372192e-03
8.360262960195541382e-03
-2.784084528684616089e-02
2.284349687397480011e-02
1.520272716879844666e-02
3.311482444405555725e-02
2.280930802226066589e-02
6.877811625599861145e-03
3.387406095862388611e-02
1.146556157618761063e-02
1.167214196175336838e-02
-8.281402289867401123e-03
-2.817397704347968102e-03
1.648064889013767242e-02
7.512072101235389709e-03
1.145508978515863419e-02
-1.148173678666353226e-02
1.637398451566696167e-02
2.735945768654346466e-02
4.715598374605178833e-02
3.550939261913299561e-02
