6.742901355028152466e-02
1.812739856541156769e-02
3.011498600244522095e-02
2.601825818419456482e-02
7.737742364406585693e-02
2.054833807051181793e-02
-2.422692067921161652e-02
-3.195482492446899414e-02
1.943716034293174744e-02
2.137715555727481842e-02
1.690247654914855957e-02
6.124332081526517868e-03
1.301536262035369873e-01
1.422265321016311646e-01
-1.064887852407991886e-03
3.917608037590980530e-02
7.714293152093887329e-02
5.827753618359565735e-02
5.745302513241767883e-02
4.087016358971595764e-02
-7.956104725599288940e-02
-1.051066443324089050e-01
-1.379784289747476578e-02
-6.607344839721918106e-03
1.271278876811265945e-02
-1.295948494225740433e-02
1.189501956105232239e-01
5.279927328228950500e-02
-2.505006268620491028e-03
-2.940292656421661377e-02
-7.537496834993362427e-02
-1.488078087568283081e-01
2.507291268557310104e-03
-3.486952185630798340e-02
7.328636711463332176e-04
3.223131597042083740e-02
9.640818834304809570e-02
-1.159855630248785019e-02
-3.014054149389266968e-03
-1.077006235718727112e-01
1.858999878168106079e-01
2.135355025529861450e-01
8.505763113498687744e-02
1.041831970214843750e-01
4.249659180641174316e-02
1.013784483075141907e-02
3.575570508837699890e-02
7.267884910106658936e-02
3.484124690294265747e-02
4.841781035065650940e-02
1.016645878553390503e-01
4.020104557275772095e-02
-5.187066644430160522e-02
-2.802343852818012238e-02
-1.271813176572322845e-02
-6.146872788667678833e-02
-5.257197469472885132e-02
1.499346084892749786e-02
3.700989484786987305e-02
8.276385068893432617e-02
-3.289147466421127319e-02
-4.014569148421287537e-02
-1.049856245517730713e-01
-1.717455089092254639e-01
1.072164997458457947e-01
3.319530934095382690e-02
1.158097982406616211e-01
1.149749159812927246e-01
3.489449992775917053e-02
7.122875656932592392e-03
-3.513355972245335579e-03
6.162280216813087463e-03
2.367355674505233765e-02
-5.735533311963081360e-03
3.320252150297164917e-02
3.182566538453102112e-02
2.475312724709510803e-02
9.177278261631727219e-04
3.797478601336479187e-02
-8.497164584696292877e-03
8.506616950035095215e-02
5.571058392524719238e-02
6.505124270915985107e-02
3.083956800401210785e-02
-1.746029853820800781e-01
-9.342379122972488403e-02
9.603674709796905518e-02
8.109254390001296997e-02
7.405510172247886658e-03
-6.082045845687389374e-03
-1.319052428007125854e-01
-9.248875826597213745e-02
-1.050315424799919128e-02
-6.381057668477296829e-03
6.422401964664459229e-02
2.149877697229385376e-02
-2.372841238975524902e-01
-2.410429269075393677e-01
5.664231255650520325e-02
-1.337789837270975113e-02
6.861471105366945267e-03
6.877935957163572311e-03
-1.033863867633044720e-03
-1.001504343003034592e-02
-2.047358546406030655e-03
-8.268326055258512497e-04
-1.956472732126712799e-02
-4.075223952531814575e-02
-1.445498317480087280e-03
-6.563447532244026661e-04
1.334860455244779587e-02
2.129748277366161346e-02
3.469956666231155396e-02
-1.745151355862617493e-02
2.214227057993412018e-02
2.299644798040390015e-02
3.703793976455926895e-03
3.064867050852626562e-04
4.848894849419593811e-02
2.265075594186782837e-02
6.637685000896453857e-02
-1.163619607686996460e-01
-1.069644913077354431e-01
-3.493671491742134094e-02
-2.742879390716552734e-01
-2.313217818737030029e-01
-2.070778459310531616e-01
-2.712004780769348145e-01
-2.151411324739456177e-01
-1.976542472839355469e-01
-8.688697963953018188e-02
-7.079540193080902100e-02
-1.706280410289764404e-01
-1.027263700962066650e-01
-1.053290888667106628e-01
-5.027934163808822632e-02
4.225872829556465149e-02
1.402561515569686890e-01
-2.763102054595947266e-01
-2.287942022085189819e-01
2.624400891363620758e-02
-5.516005679965019226e-02
1.271672397851943970e-01
1.708308160305023193e-01
-7.959132641553878784e-02
-1.586146801710128784e-01
1.379622220993041992e-01
9.713331609964370728e-02
-4.229591041803359985e-02
-6.544090062379837036e-02
7.365551590919494629e-02
6.162931025028228760e-02
2.149692326784133911e-01
2.117366045713424683e-01
-7.962605357170104980e-02
-1.789506641216576099e-04
-1.884573325514793396e-02
-5.890134349465370178e-02
-1.599987596273422241e-01
-1.980561167001724243e-01
2.360715734539553523e-04
6.257307529449462891e-02
5.534442141652107239e-03
-9.893433190882205963e-03
9.534183889627456665e-03
-6.478854268789291382e-02
4.364855214953422546e-02
-2.349120564758777618e-02
-5.426965281367301941e-02
-3.771797567605972290e-02
-3.043848276138305664e-02
-5.993796139955520630e-02
-9.413271211087703705e-03
-5.064917355775833130e-02
1.762119084596633911e-01
1.460816264152526855e-01
-6.957529485225677490e-02
1.393946725875139236e-02
4.253747314214706421e-02
4.374840483069419861e-02
1.059278845787048340e-01
1.702815890312194824e-01
-3.082216903567314148e-02
-4.150644689798355103e-02
-2.250521071255207062e-02
-9.192565456032752991e-03
1.396947056055068970e-01
1.025358438491821289e-01
1.520438641309738159e-01
1.918841004371643066e-01
1.608710438013076782e-01
1.692739278078079224e-01
4.515813589096069336e-01
4.067518413066864014e-01
3.467556834220886230e-02
5.159934982657432556e-02
2.787769027054309845e-02
9.081940352916717529e-02
1.117301210761070251e-01
6.910254061222076416e-02
9.368124604225158691e-02
6.644671410322189331e-02
3.292236030101776123e-01
3.028227388858795166e-01
1.720031499862670898e-01
1.816873252391815186e-01
9.007844328880310059e-02
-2.805894427001476288e-02
-1.501959562301635742e-01
-2.528523802757263184e-01
3.741022571921348572e-02
-1.241445192135870457e-03
2.318247966468334198e-02
-2.278394065797328949e-03
2.724521234631538391e-02
4.785630851984024048e-02
1.242145709693431854e-02
2.860963158309459686e-02
2.573852799832820892e-02
3.202778846025466919e-02
3.150358423590660095e-02
1.492511015385389328e-02
4.694065824151039124e-02
4.884708300232887268e-02
3.672231733798980713e-02
4.145926982164382935e-02
4.688529670238494873e-02
4.771539941430091858e-02
3.676294162869453430e-02
2.624183706939220428e-02
1.614924147725105286e-02
2.133759111166000366e-02
4.488937091082334518e-03
-9.134620428085327148e-03
-4.752513021230697632e-03
1.884251716546714306e-03
5.659434944391250610e-02
7.326287031173706055e-02
-8.308928459882736206e-03
1.859968341886997223e-02
2.379021374508738518e-03
4.432794451713562012e-02
1.839763298630714417e-02
1.735697127878665924e-02
-7.630167528986930847e-03
-1.405285787768661976e-03
