-6.360836792737245560e-03
6.973480340093374252e-04
4.447755869477987289e-03
2.203645370900630951e-02
-6.647584494203329086e-03
-2.222461998462677002e-02
-3.004531189799308777e-02
1.342542935162782669e-02
-4.483727389015257359e-04
-2.741288580000400543e-02
2.184265293180942535e-02
4.333616420626640320e-02
2.101052552461624146e-02
2.392684482038021088e-02
4.217137023806571960e-02
6.703218817710876465e-02
4.263012483716011047e-02
3.780214115977287292e-02
-7.638357579708099365e-02
-2.940725721418857574e-02
3.842531889677047729e-02
6.433823704719543457e-02
5.032018944621086121e-02
4.354244843125343323e-02
1.747886463999748230e-02
5.118849873542785645e-02
-5.489970743656158447e-02
-1.503358688205480576e-02
6.618166342377662659e-03
2.460583671927452087e-02
1.561419776408001781e-04
1.215099263936281204e-02
-5.169756338000297546e-02
1.688934862613677979e-02
1.170034240931272507e-02
-6.383119150996208191e-03
-2.639746479690074921e-02
-8.716277778148651123e-03
-3.263445943593978882e-02
-2.016006782650947571e-02
-8.951275609433650970e-03
-3.450702503323554993e-02
-3.476949408650398254e-02
-5.887120496481657028e-03
-1.886329799890518188e-02
8.196765556931495667e-03
-1.009524241089820862e-02
-1.865483075380325317e-02
-1.638604514300823212e-02
-3.577118739485740662e-02
-4.100208356976509094e-02
-1.610983908176422119e-02
1.071228981018066406e-01
1.273960471153259277e-01
1.824827864766120911e-02
2.455133572220802307e-02
9.906818158924579620e-03
2.226462401449680328e-02
-4.826670140027999878e-02
-3.624739125370979309e-02
-3.512430004775524139e-03
-3.246079385280609131e-02
7.933659479022026062e-03
2.149252034723758698e-02
-1.061608567833900452e-01
-6.054113060235977173e-02
-7.933356612920761108e-02
-4.939050227403640747e-02
3.933071345090866089e-02
3.514304012060165405e-02
-1.233180053532123566e-02
-1.574977114796638489e-02
2.202242426574230194e-02
3.844553977251052856e-02
5.946319550275802612e-02
7.654296606779098511e-02
8.204566314816474915e-03
5.207445845007896423e-02
6.513769924640655518e-02
3.649098426103591919e-02
-7.548211608082056046e-03
-4.577878862619400024e-03
1.530204247683286667e-02
2.511764317750930786e-02
4.071855545043945312e-02
8.935780823230743408e-02
7.783723622560501099e-02
8.454628288745880127e-02
-1.406638324260711670e-02
7.411434315145015717e-03
-3.105731448158621788e-03
3.443220257759094238e-02
7.270832080394029617e-03
1.124444766901433468e-03
-1.094390172511339188e-02
-1.292080897837877274e-02
-3.577603027224540710e-02
-1.943982951343059540e-02
-6.419628113508224487e-02
-1.945802941918373108e-02
-2.815611287951469421e-02
9.499643929302692413e-04
-1.318730227649211884e-02
7.326727500185370445e-04
-3.668000549077987671e-02
-4.005472362041473389e-02
-2.530307136476039886e-02
2.662747539579868317e-02
-1.601721905171871185e-02
-3.629846498370170593e-02
1.054366677999496460e-02
-4.892676137387752533e-03
-5.152675136923789978e-02
-4.094643890857696533e-02
-2.776114642620086670e-02
-2.606669068336486816e-02
-1.098404731601476669e-02
1.128356810659170151e-02
-6.543668359518051147e-02
-1.763402484357357025e-02
1.574224606156349182e-02
4.681244492530822754e-02
8.713052421808242798e-02
7.543322443962097168e-02
-1.085901856422424316e-01
-7.510454952716827393e-02
-1.513566449284553528e-02
9.632281959056854248e-03
-6.118717789649963379e-02
-5.374048277735710144e-02
-7.980319857597351074e-02
-6.584228947758674622e-03
1.233833748847246170e-02
-9.188969433307647705e-02
-6.433711200952529907e-02
-7.561078760772943497e-03
1.020303554832935333e-02
5.522891506552696228e-02
-2.504956535995006561e-02
3.985610604286193848e-02
4.335954412817955017e-02
1.237355470657348633e-01
-6.492945831269025803e-04
6.567284464836120605e-02
-3.270326927304267883e-02
-1.068245898932218552e-02
7.056644558906555176e-02
1.506874412298202515e-01
-9.885248541831970215e-02
-6.514234840869903564e-02
-7.272763550281524658e-02
-5.663457885384559631e-02
2.018146961927413940e-02
3.987293690443038940e-02
1.097047552466392517e-01
7.076755166053771973e-02
-4.438211210072040558e-03
-1.204163674265146255e-02
2.548460289835929871e-02
8.003121241927146912e-03
-8.060913532972335815e-02
-4.200460016727447510e-02
-4.157412797212600708e-03
-3.626549616456031799e-02
-1.446637790650129318e-02
2.956689894199371338e-02
-7.715292274951934814e-03
-7.677008397877216339e-03
5.899608135223388672e-03
3.992517665028572083e-02
-7.818649522960186005e-03
9.202837944030761719e-03
-4.546031355857849121e-03
-1.018786709755659103e-02
-1.584187382832169533e-03
3.295207396149635315e-02
-2.056735195219516754e-02
-9.229578077793121338e-03
-1.590927504003047943e-02
1.371461059898138046e-02
-3.234013170003890991e-02
-1.602503098547458649e-02
-2.648429572582244873e-02
-4.109736904501914978e-02
-1.881925016641616821e-02
1.017935015261173248e-02
-4.208944737911224365e-02
-5.281452089548110962e-02
-4.107576236128807068e-02
2.799522690474987030e-02
-8.318715542554855347e-02
-4.492978751659393311e-02
-1.003569886088371277e-01
-7.767390459775924683e-03
-1.183666139841079712e-01
-3.797264769673347473e-02
-1.293191015720367432e-01
-6.682592630386352539e-02
-8.317026495933532715e-02
4.342941101640462875e-03
-1.298230290412902832e-01
-5.071328207850456238e-02
-3.669941797852516174e-02
1.718238741159439087e-02
-9.814897179603576660e-02
1.681805960834026337e-02
-9.511386603116989136e-02
-1.380086410790681839e-03
-7.169264554977416992e-02
3.602541238069534302e-02
5.366762634366750717e-03
9.629837237298488617e-03
2.382496313657611609e-04
1.482124347239732742e-02
-4.607993643730878830e-03
3.095676191151142120e-03
-1.472092512995004654e-02
-4.135952331125736237e-03
2.419972047209739685e-02
3.765440359711647034e-02
-1.425762102007865906e-02
-8.719638921320438385e-03
5.586832296103239059e-03
1.105665415525436401e-02
1.365745067596435547e-02
7.282034959644079208e-03
3.267243131995201111e-02
1.825562119483947754e-02
-1.648435741662979126e-02
-9.245943278074264526e-03
3.433094918727874756e-02
4.617333784699440002e-02
4.517462570220232010e-03
3.878992283716797829e-03
6.695352494716644287e-03
1.614386029541492462e-02
1.005616337060928345e-01
9.492819756269454956e-02
1.454384718090295792e-02
3.796697780489921570e-02
3.935555368661880493e-02
7.036521285772323608e-02
5.283689871430397034e-02
7.200907170772552490e-02
1.463754195719957352e-02
8.638867177069187164e-03
