-1.395880989730358124e-02
4.297580197453498840e-02
2.169152721762657166e-02
2.869011089205741882e-02
-1.225486304610967636e-02
2.640289068222045898e-02
4.045654833316802979e-02
3.211219236254692078e-02
1.524371653795242310e-02
3.156585246324539185e-02
5.654896423220634460e-02
2.710732631385326385e-02
-1.792866038158535957e-03
-4.905327223241329193e-03
-4.037202522158622742e-02
-2.695290744304656982e-02
4.382175207138061523e-02
3.279238939285278320e-02
-4.448589310050010681e-02
4.700626432895660400e-02
2.364803105592727661e-02
3.815736621618270874e-02
-1.010954100638628006e-02
2.160793542861938477e-02
3.169606253504753113e-02
1.594519941136240959e-03
3.222899883985519409e-02
3.719361871480941772e-02
8.803891018033027649e-03
1.030143052339553833e-01
-5.573215428739786148e-03
9.106266498565673828e-02
-1.253088470548391342e-02
2.020141482353210449e-02
-4.853047430515289307e-03
3.542304784059524536e-02
1.633006893098354340e-02
5.098126456141471863e-02
-1.817997172474861145e-02
1.004905700683593750e-01
6.914294511079788208e-02
1.629665493965148926e-02
4.907509312033653259e-02
8.704539388418197632e-02
1.936182752251625061e-02
6.066871434450149536e-02
5.532758682966232300e-02
3.514155372977256775e-02
3.869438543915748596e-02
6.175711378455162048e-02
6.721308827400207520e-02
9.176177531480789185e-02
9.446652606129646301e-03
-7.206778042018413544e-03
4.964517056941986084e-02
4.489196464419364929e-02
5.938341096043586731e-02
4.015782848000526428e-02
-1.173311006277799606e-02
-4.321629554033279419e-02
3.170534968376159668e-02
1.641080342233181000e-02
8.670884370803833008e-02
1.224822849035263062e-01
-1.055742148309946060e-02
-3.244067728519439697e-02
-2.960148081183433533e-02
-1.732222922146320343e-02
3.020254336297512054e-02
4.957033321261405945e-02
1.014942303299903870e-01
1.271716356277465820e-01
1.668073609471321106e-02
6.957705318927764893e-02
-9.709111414849758148e-03
8.283499628305435181e-02
7.062953710556030273e-02
6.104925647377967834e-02
6.673131138086318970e-02
1.005828306078910828e-01
8.507507294416427612e-02
7.457920908927917480e-02
1.835275627672672272e-02
1.105932518839836121e-02
9.075840562582015991e-02
1.155382618308067322e-01
9.799837321043014526e-02
8.983436226844787598e-02
8.892711251974105835e-03
1.450438145548105240e-02
5.473630502820014954e-02
1.077719330787658691e-01
8.770720101892948151e-03
-6.248178426176309586e-03
1.438435981981456280e-03
-3.778365207836031914e-03
6.312917172908782959e-02
1.288579702377319336e-01
4.665040597319602966e-02
3.944475576281547546e-02
1.551336981356143951e-02
1.280243974179029465e-02
1.451811753213405609e-02
1.468636281788349152e-02
-3.758327290415763855e-02
3.483220061752945185e-04
1.092749740928411484e-02
4.189851507544517517e-02
2.016775682568550110e-02
2.306729182600975037e-02
1.402000803500413895e-02
-6.593791302293539047e-03
2.663200348615646362e-02
1.434239372611045837e-02
1.127082575112581253e-02
3.812475502490997314e-02
1.653049886226654053e-02
1.797063834965229034e-02
4.310557618737220764e-02
2.412485703825950623e-02
-7.140403985977172852e-02
-4.732014238834381104e-02
-1.266089174896478653e-02
-6.867401301860809326e-02
1.349749416112899780e-01
6.279359757900238037e-02
1.167919635772705078e-01
1.269884854555130005e-01
7.769812643527984619e-02
1.318928878754377365e-02
6.785417348146438599e-02
-9.525963105261325836e-04
2.929403446614742279e-02
1.188245043158531189e-01
4.816386476159095764e-02
7.424111943691968918e-03
1.355505734682083130e-01
-1.147765759378671646e-02
5.912264436483383179e-02
6.715103983879089355e-02
6.984660029411315918e-02
1.990528777241706848e-02
1.068724319338798523e-01
1.593879796564579010e-02
8.489929139614105225e-02
1.122134476900100708e-01
1.448121815919876099e-01
1.433459371328353882e-01
4.972926899790763855e-02
6.487577408552169800e-02
1.481216698884963989e-01
1.646804064512252808e-01
1.024029180407524109e-01
8.151683956384658813e-02
5.064900964498519897e-02
4.902284219861030579e-02
-5.644161626696586609e-02
2.828361093997955322e-02
2.341356873512268066e-02
6.290648877620697021e-02
6.053824350237846375e-02
-2.119844965636730194e-02
8.120325393974781036e-03
5.236030742526054382e-02
4.521907120943069458e-02
5.467373877763748169e-02
2.576641365885734558e-02
3.499940410256385803e-02
3.864735364913940430e-02
2.834749035537242889e-02
1.965519413352012634e-02
2.152258530259132385e-02
4.518607631325721741e-03
4.429686442017555237e-02
2.234949916601181030e-02
2.795907296240329742e-02
6.998639553785324097e-02
5.706802941858768463e-03
-8.121990598738193512e-03
-2.849885635077953339e-02
3.412996977567672729e-02
4.554276913404464722e-02
1.451778877526521683e-02
5.651356652379035950e-02
3.449168056249618530e-02
1.863079704344272614e-02
3.497698530554771423e-02
-3.912355378270149231e-02
-2.025094777345657349e-01
-2.870887517929077148e-01
3.326027467846870422e-02
4.484832659363746643e-02
-2.146443128585815430e-01
-1.400634944438934326e-01
3.289622068405151367e-02
2.135731047019362450e-03
1.050436198711395264e-01
1.241399794816970825e-01
-1.124220713973045349e-01
-8.153953403234481812e-02
2.460102923214435577e-02
2.798135951161384583e-02
-1.063694879412651062e-01
-2.313888370990753174e-01
-7.980132848024368286e-02
-2.497504204511642456e-01
1.882303506135940552e-01
1.737249493598937988e-01
-2.525762841105461121e-02
5.935877561569213867e-02
4.502172768115997314e-02
8.595249801874160767e-02
4.986345767974853516e-02
4.479498416185379028e-02
5.500704422593116760e-02
5.528102815151214600e-02
1.856765337288379669e-02
2.586413174867630005e-02
-2.941584214568138123e-02
-4.067884758114814758e-02
9.559636004269123077e-03
6.588275078684091568e-03
3.055580891668796539e-02
1.334032695740461349e-02
5.785040557384490967e-03
2.033175202086567879e-03
-1.011818367987871170e-02
-2.680015750229358673e-02
1.863547600805759430e-02
-4.401016514748334885e-03
-2.647267654538154602e-02
-3.078815899789333344e-02
-2.189319493481889367e-04
-1.166007481515407562e-02
4.137799143791198730e-03
1.633245614357292652e-03
-7.139749079942703247e-02
-5.698642134666442871e-02
-4.520535469055175781e-03
-1.765198819339275360e-02
-2.127880416810512543e-02
-4.576538130640983582e-02
-2.521037496626377106e-02
-7.819578796625137329e-02
-1.108123920857906342e-02
-1.724920980632305145e-02
